[settings]
camera_pos = (0.0,-4.5999979972839355,40.0)
camera_rot = (-0.0,-0.0,0.36999988555908203)

